995.53 18.49 -557.90 -317.05 -695.41 1.58 317.49 -3.04 1.44 103.26 -0.39 10.02 48.02 9.92 0.13 15.46 -0.00 9.58
18.49 1427.26 42.11 42.23 -17.86 -985.85 1.71 -1.83 -301.54 1.73 116.11 -1.64 1.65 -1.57 -61.00 0.00 26.22 0.00
-557.90 42.11 469.47 325.94 390.93 -18.64 -308.49 2.05 -0.07 -107.36 0.00 -8.89 -52.26 -8.89 -0.00 -17.30 0.00 -8.89
-317.05 42.23 325.94 255.54 231.57 -18.64 -237.85 0.41 -0.06 -84.52 0.00 -7.08 -41.74 -7.08 0.00 -13.92 0.00 -7.08
-695.41 -17.86 390.93 231.57 501.91 -1.58 -231.71 1.04 -1.43 -75.53 0.39 -7.82 -35.24 -7.72 -0.13 -11.36 0.00 -7.38
1.58 -985.85 -18.64 -18.64 -1.58 721.95 -1.23 1.43 232.90 -1.25 -91.07 1.24 -1.19 1.20 48.28 -0.00 -20.64 -0.00
317.49 1.71 -308.49 -237.85 -231.71 -1.23 237.85 -0.41 0.06 84.52 -0.00 7.08 41.74 7.08 -0.00 13.92 -0.00 7.08
-3.04 -1.83 2.05 0.41 1.04 1.43 -0.41 4.36 1.43 0.49 -0.39 1.86 0.67 1.76 0.13 0.26 -0.00 1.42
1.44 -301.54 -0.07 -0.06 -1.43 232.90 0.06 1.43 238.30 0.05 -85.11 1.24 0.04 1.20 42.32 -0.00 -14.68 -0.00
103.26 1.73 -107.36 -84.52 -75.53 -1.25 84.52 0.49 0.05 35.30 -0.00 3.17 19.05 3.17 -0.00 6.64 -0.00 3.17
-0.39 116.11 0.00 0.00 0.39 -91.07 -0.00 -0.39 -85.11 -0.00 36.10 -0.39 -0.00 -0.39 -19.85 -0.00 7.61 0.00
10.02 -1.64 -8.89 -7.08 -7.82 1.24 7.08 1.86 1.24 3.17 -0.39 2.07 1.90 1.97 0.13 0.65 0.00 1.64
48.02 1.65 -52.26 -41.74 -35.24 -1.19 41.74 0.67 0.04 19.05 -0.00 1.90 11.67 1.90 -0.00 4.27 -0.00 1.90
9.92 -1.57 -8.89 -7.08 -7.72 1.20 7.08 1.76 1.20 3.17 -0.39 1.97 1.90 1.97 0.13 0.65 -0.00 1.64
0.13 -61.00 -0.00 0.00 -0.13 48.28 -0.00 0.13 42.32 -0.00 -19.85 0.13 -0.00 0.13 12.47 -0.00 -5.24 -0.00
15.46 0.00 -17.30 -13.92 -11.36 -0.00 13.92 0.26 -0.00 6.64 -0.00 0.65 4.27 0.65 -0.00 1.95 0.00 0.65
-0.00 26.22 0.00 0.00 0.00 -20.64 -0.00 -0.00 -14.68 -0.00 7.61 0.00 -0.00 -0.00 -5.24 0.00 2.93 0.00
9.58 0.00 -8.89 -7.08 -7.38 -0.00 7.08 1.42 -0.00 3.17 0.00 1.64 1.90 1.64 -0.00 0.65 0.00 1.64
