843.11 0.42 -444.29 -239.82 -591.03 0.23 239.65 -5.17 0.25 69.31 -0.06 1.69 28.97 1.59 0.07 0.02 0.00 1.30
0.42 1208.99 -4.06 -4.33 0.22 -831.37 -0.02 -0.25 -235.69 0.00 72.27 -0.06 0.00 -0.07 -31.70 0.00 1.40 0.00
-444.29 -4.06 376.69 248.99 296.55 4.32 -244.68 8.15 -0.02 -71.77 0.00 -0.02 -31.21 -0.02 0.00 -0.77 -0.00 -0.02
-239.82 -4.33 248.99 194.39 173.52 4.32 -190.09 6.04 -0.02 -55.96 -0.00 -0.02 -24.60 -0.02 0.00 -0.77 -0.00 -0.02
-591.03 0.22 296.55 173.52 441.64 -0.23 -173.36 2.61 -0.25 -50.11 0.06 -1.69 -20.95 -1.59 -0.07 -0.02 -0.00 -1.30
0.23 -831.37 4.32 4.32 -0.23 627.38 0.02 0.25 183.65 -0.00 -56.46 0.06 -0.00 0.07 25.10 -0.00 -1.40 -0.00
239.65 -0.02 -244.68 -190.09 -173.36 0.02 190.09 -6.04 0.02 55.96 0.00 0.02 24.60 0.02 -0.00 0.77 0.00 0.02
-5.17 -0.25 8.15 6.04 2.61 0.25 -6.04 4.32 0.25 -1.83 -0.06 1.69 -0.75 1.59 0.07 0.02 0.00 1.30
0.25 -235.69 -0.02 -0.02 -0.25 183.65 0.02 0.25 190.57 -0.00 -56.45 0.06 -0.00 0.07 25.09 -0.00 -1.40 -0.00
69.31 0.00 -71.77 -55.96 -50.11 -0.00 55.96 -1.83 -0.00 21.87 0.00 0.02 10.36 0.02 -0.00 0.77 0.00 0.02
-0.06 72.27 0.00 -0.00 0.06 -56.46 0.00 -0.06 -56.45 0.00 22.37 -0.06 -0.00 -0.07 -10.86 0.00 1.40 0.00
1.69 -0.06 -0.02 -0.02 -1.69 0.06 0.02 1.69 0.06 0.02 -0.06 1.69 0.02 1.59 0.07 0.02 0.00 1.30
28.97 0.00 -31.21 -24.60 -20.95 -0.00 24.60 -0.75 -0.00 10.36 -0.00 0.02 5.73 0.02 -0.00 0.77 0.00 0.02
1.59 -0.07 -0.02 -0.02 -1.59 0.07 0.02 1.59 0.07 0.02 -0.07 1.59 0.02 1.59 0.07 0.02 0.00 1.30
0.07 -31.70 0.00 0.00 -0.07 25.10 -0.00 0.07 25.09 -0.00 -10.86 0.07 -0.00 0.07 6.23 -0.00 -1.40 -0.00
0.02 0.00 -0.77 -0.77 -0.02 -0.00 0.77 0.02 -0.00 0.77 0.00 0.02 0.77 0.02 -0.00 0.77 0.00 0.02
0.00 1.40 -0.00 -0.00 -0.00 -1.40 0.00 0.00 -1.40 0.00 1.40 0.00 0.00 0.00 -1.40 0.00 1.40 0.00
1.30 0.00 -0.02 -0.02 -1.30 -0.00 0.02 1.30 -0.00 0.02 0.00 1.30 0.02 1.30 -0.00 0.02 0.00 1.30
